-3130 -4450
-3063 -4450
-2994 -4450
-2922 -4450
-2847 -4450
-2767 -4450
-2683 -4450
-2594 -4450
-2498 -4450
-2396 -4450
-2285 -4450
-2164 -4450
-2031 -4450
-1884 -4450
-1719 -4450
-1533 -4450
-1321 -4450
-1075 -4450
-787 -4450
-441 -4450
-49 -4438
-50 -4268
-50 -4102
-50 -3941
-50 -3782
-50 -3626
-50 -3472
-49 -3319
-50 -3167
-50 -3016
-2050 -2996
-2050 -2928
-2050 -2859
-2050 -2789
-2050 -2718
-2050 -2646
-2050 -2571
-2050 -2495
-2050 -2417
-2050 -2335
-2050 -2250
-2050 -2162
-2050 -2068
-2050 -1970
-2050 -1866
-2050 -1755
-2050 -1635
-2050 -1506
-2915 -2298
-2915 -2227
-2050 -1044
-2050 -856
-2050 -644
-3039 -2059
-2050 -126
-2050 197
-2107 449
-2900 -1140
-3039 -1274
-2615 449
-2776 449
-2933 449
-3087 449
-3239 449
-3390 449
-3540 449
-3689 449
-3838 449
-3988 449
-3785 -2191
-4292 449
-4447 449
-4605 449
-4767 449
-4933 449
-5104 449
-5281 449
-5465 449
-5656 449
-5858 449
-5950 273
-5950 -14
-5950 -271
-5950 -502
-5950 -713
-5950 -905
-5950 -1083
-5950 -1248
-5950 -1402
-5950 -1547
-5950 -1683
-5950 -1813
-5950 -1937
-5950 -2055
-5950 -2169
-5950 -2280
-5950 -2387
-5950 -2491
-5950 -2593
-5950 -2693
